ZAD 1. Napisz program, który dla trzech zmiennych dowolnego typu pobiera ich adresy i zapisuje do zmiennych wskaŸnikowych tego samego typu.
U¿yj zmiennych wskaŸnikowych do modyfikacji zawartoœci ka¿dej ze zmiennych.

ZAD 2. Napisz program który dla tablicy int T[10]
wype³nia j¹ wartoœciami od 0 do 9. Do wype³niania
u¿ywaj zmiennej wskaŸnikowej (nie nazwy T).

ZAD 3. Utwórz tablicê T typu double o d³ugoœci >= 100. Przypisz do niej dowolne wartoœci (random.org)
a nastepnie wyznacz sumê oraz wartoœæ œredni¹. Nie u¿ywaj odwo³ania tablicowego (T[coœtam]).

ZAD 4. Na podstawie zad 4 napisz program, który zawiera funkcje do liczenia œredniej oraz sumy elementów w tablicy.
Prototyp funkcji powinien przewidywaæ dwa parametry: wskaŸnik typu float oraz liczbê elementów.
Przetestuj na poni¿szym bloku danych: 
0.81472369 0.90579194 0.12698682 0.91337586 0.63235925 0.09754040 0.27849822 0.54688152 0.95750684 0.96488854 0.15761308 0.97059278 0.95716695 0.48537565 0.80028047 0.14188634 0.42176128 0.91573553 0.79220733 0.95949243 0.65574070 0.03571168 0.84912931 0.93399325 0.67873515 0.75774013 0.74313247 0.39222702 0.65547789 0.17118669 0.70604609 0.03183285 0.27692298 0.04617139 0.09713178 0.82345783 0.69482862 0.31709948 0.95022205 0.03444608 0.43874436 0.38155846 0.76551679 0.79519990 0.18687260 0.48976440 0.44558620 0.64631301 0.70936483 0.75468668 0.27602508 0.67970268 0.65509800 0.16261174 0.11899768 0.49836405 0.95974396 0.34038573 0.58526775 0.22381194 0.75126706 0.25509512 0.50595705 0.69907672 0.89090325 0.95929143 0.54721553 0.13862444 0.14929401 0.25750825 0.84071726 0.25428218 0.81428483 0.24352497 0.92926362 0.34998377 0.19659525 0.25108386 0.61604468 0.47328885 0.35165951 0.83082863 0.58526409 0.54972361 0.91719366 0.28583902 0.75720023 0.75372909 0.38044585 0.56782164 0.07585429 0.05395012 0.53079755 0.77916723 0.93401068 0.12990621 0.56882366 0.46939064 0.01190207 0.33712264

Wyniki: Suma=52.7994, w.œrednia=0.5280

ZAD 5: Napisz program, który wyœwietli pamiêæ tablicy {16909060, 84281096, 151653132} w postaci wartoœci kolejnych bajtów.
Ile bêdzie bajtów? Jakie bêd¹ ich wartoœci?

ZAD 6: Napisz program, który przeszukuje tablicê z zadania 5 i wyœwietla adresy komórek (bajtów), których wartoœci nale¿¹ do zakresu <4; 7>

ZAD 7.
Dana jest tablica typu int: {16909060, 84281096, 151653132, -1}. Zak³adaj¹c, ¿e -1 jest znacznikiem koñca tablicy (nie wartoœci¹), napisz program, który policzy liczbê danych w tablicy (tutaj 3).

ZAD 8. Dane s¹ dane:
5.00 1.00 2.00 1.00 1.00 9.00 0.00 8.00 5.00 1.00 5.00 6.00 1.00 10.00 7.00 5.00 9.00 3.00 8.00 3.00 9.00 2.00 10.00 5.00 6.00 10.00 8.00 3.00 1.00 0.00 8.00 4.00 4.00 5.00 9.00 4.00 6.00 1.00 3.00 1.00 2.00 4.00 3.00 2.00 6.00 8.00 2.00 9.00 7.00 5.00 10.00 6.00 2.00 9.00 9.00 3.00 3.00 8.00 5.00 1.00 8.00 4.00 3.00 3.00 4.00 8.00 0.00 7.00 9.00 3.00 7.00 2.00 6.00 1.00 10.00 6.00 4.00 0.00 9.00 6.00 8.00 5.00 0.00 9.00 4.00 7.00 2.00 8.00 9.00 8.00 8.00 4.00 7.00 6.00 6.00 3.00 7.00 2.00 0.00 6.00 5.00 6.00 7.00 9.00 9.00 9.00 6.00 9.00 1.00 3.00 0.00 5.00 7.00 2.00 4.00 1.00 3.00 8.00 5.00 8.00 6.00 9.00 1.00 2.00 4.00 7.00 9.00 0.00 1.00 4.00 8.00 5.00 8.00 2.00 7.00 6.00 0.00 7.00 10.00 1.00 4.00 2.00 7.00 2.00 10.00 0.00 0.00 8.00 9.00 6.00 8.00 5.00 6.00 2.00 5.00 1.00 1.00 3.00 6.00 9.00 7.00 7.00 7.00 8.00 7.00 5.00 3.00 9.00 2.00 5.00 7.00 3.00 8.00 5.00 9.00 4.00 9.00 9.00 6.00 1.00 4.00 3.00 3.00 2.00 0.00 9.00 5.00 6.00 3.00 10.00 10.00 10.00 7.00 7.00 3.00 5.00 3.00 7.00 8.00 1.00 2.00 2.00 6.00 7.00 8.00 0.00 2.00 5.00 4.00 3.00 1.00 8.00 4.00 7.00 6.00 1.00 3.00 10.00 9.00 4.00 6.00 6.00 8.00 10.00 1.00 9.00 6.00 2.00 2.00 7.00 6.00 6.00 10.00 6.00 1.00 2.00 1.00 1.00 7.00 6.00 4.00 2.00 4.00 8.00 4.00 8.00 3.00 6.00 9.00 2.00 5.00 1.00 1.00 1.00 1.00 6.00 4.00 6.00 9.00 8.00 10.00 8.00 9.00 7.00 3.00 7.00 7.00 8.00 7.00 3.00 5.00 8.00 6.00 10.00 2.00 9.00 8.00 3.00 6.00 5.00 1.00 5.00 10.00 4.00 6.00 1.00 2.00 2.00 0.00 3.00 2.00 4.00 1.00 10.00 5.00 4.00 2.00 4.00 4.00 9.00 5.00 6.00 0.00 6.00 8.00 7.00 5.00 8.00 10.00 3.00 8.00 3.00 0.00 1.00 3.00 3.00 0.00 2.00 4.00 8.00 7.00 7.00 5.00 9.00 10.00 9.00 5.00 9.00 4.00 6.00 6.00 8.00 3.00 7.00 6.00 7.00 3.00 3.00 2.00 1.00 3.00 4.00 5.00 10.00 0.00 7.00 9.00 9.00 1.00 10.00 4.00 9.00 9.00 4.00 6.00 9.00 0.00 1.00 4.00 1.00 0.00 8.00 3.00 8.00 2.00 7.00 9.00 8.00 2.00 4.00 4.00 3.00 3.00 1.00 5.00 5.00 0.00 6.00 1.00 2.00 7.00 6.00 0.00 3.00 4.00 1.00 1.00 5.00 4.00 8.00 5.00 8.00 5.00 0.00 0.00 2.00 4.00 7.00 2.00 3.00 6.00 3.00 3.00 2.00 4.00 9.00 9.00 4.00 7.00 3.00 9.00 6.00 2.00 1.00 6.00 3.00 1.00 2.00 0.00 7.00 8.00 8.00 3.00 9.00 6.00 0.00 3.00 5.00 6.00 4.00 8.00 1.00 10.00 8.00 3.00 6.00 3.00 1.00 5.00 8.00 8.00 9.00 3.00 4.00 2.00 3.00 6.00 6.00 2.00 1.00 4.00 8.00 2.00 5.00 1.00 9.00 8.00 6.00 4.00 5.00 9.00 9.00 5.00 5.00 9.00 6.00 8.00 7.00 5.00 2.00 6.00 2.00 2.00 9.00 1.00 6.00 4.00 6.00 7.00 3.00 0.00 8.00 4.00 7.00 9.00 3.00 10.00 8.00 8.00 7.00 5.00 4.00 8.00 6.00 8.00 10.00 8.00 9.00 5.00 9.00 3.00 2.00 5.00 0.00 8.00 3.00 7.00 8.00 7.00 7.00 2.00 5.00 9.00 2.00 2.00 3.00 8.00 3.00 6.00 2.00 1.00 3.00 2.00 9.00 9.00 0.00 6.00 0.00 4.00 5.00 8.00 6.00 3.00 9.00 8.00 6.00 9.00 4.00 3.00 6.00 1.00 4.00 2.00 8.00 7.00 7.00 9.00 8.00 5.00 0.00 1.00 5.00 10.00 8.00 9.00 10.00 4.00 3.00 8.00 2.00 10.00 9.00 4.00 3.00 7.00 7.00 8.00 6.00 1.00 6.00 0.00 8.00 7.00 6.00 2.00 7.00 7.00 3.00 0.00 8.00 8.00 5.00 7.00 8.00 3.00 9.00 6.00 3.00 3.00 9.00 4.00 2.00 9.00 7.00 10.00 2.00 8.00 5.00 6.00 0.00 6.00 6.00 5.00 1.00 5.00 1.00 8.00 6.00 7.00 6.00 6.00 10.00 2.00 5.00 8.00 5.00 8.00 2.00 7.00 9.00 2.00 4.00 0.00 2.00 7.00 9.00 3.00 0.00 9.00 5.00 9.00 3.00 7.00 0.00 5.00 3.00 3.00 10.00 8.00 3.00 6.00 4.00 6.00 10.00 6.00 2.00 8.00 7.00 1.00 2.00 3.00 4.00 5.00 3.00 8.00 8.00 3.00 6.00 1.00 7.00 3.00 7.00 3.00 7.00 4.00 4.00 2.00 7.00 8.00 9.00 5.00 2.00 6.00 2.00 4.00 9.00 4.00 9.00 4.00 7.00 6.00 1.00 4.00 9.00 1.00 4.00 2.00 2.00 4.00 9.00 5.00 8.00 4.00 5.00 10.00 1.00 1.00 7.00 9.00 1.00 7.00 1.00 7.00 6.00 0.00 8.00 10.00 4.00 3.00 0.00 2.00 6.00 6.00 3.00 7.00 1.00 9.00 1.00 3.00 7.00 5.00 5.00 4.00 8.00 3.00 6.00 9.00 3.00 8.00 8.00 1.00 2.00 4.00 7.00 7.00 7.00 0.00 1.00 8.00 8.00 7.00 9.00 9.00 2.00 5.00 8.00 5.00 6.00 6.00 7.00 1.00 5.00 2.00 3.00 6.00 7.00 4.00 5.00 1.00 2.00 3.00 4.00 2.00 3.00 9.00 6.00 9.00 6.00 3.00 1.00 5.00 4.00 7.00 8.00 4.00 6.00 2.00 9.00 5.00 3.00 2.00 10.00 7.00 7.00 7.00 8.00 6.00 5.00 9.00 4.00 2.00 3.00 9.00 7.00 9.00 4.00 6.00 0.00 9.00 5.00 5.00 8.00 3.00 6.00 3.00 3.00 6.00 4.00 1.00 2.00 10.00 7.00 7.00 3.00 0.00 6.00 0.00 3.00 2.00 4.00 8.00 6.00 3.00 3.00 1.00 2.00 7.00 1.00 9.00 4.00 1.00 6.00 8.00 3.00 8.00 7.00 6.00 4.00 4.00 4.00 4.00 2.00 5.00 0.00 6.00 0.00 9.00 9.00 3.00 10.00 10.00 10.00 2.00 0.00 2.00 3.00 2.00 8.00 2.00 4.00 3.00 3.00 9.00 0.00 1.00 4.00 8.00 2.00 9.00 10.00 4.00 10.00 1.00 8.00 6.00 6.00 5.00 2.00 1.00 6.00 8.00 7.00 5.00 9.00 6.00 2.00 7.00 3.00 7.00 10.00 3.00 9.00 7.00 1.00 2.00 9.00 5.00 9.00 8.00 0.00 8.00 7.00 9.00 6.00 6.00 1.00 2.00 0.00 4.00 3.00 3.00 5.00 2.00 9.00 9.00 6.00 0.00 9.00 7.00 1.00 10.00 3.00 8.00 5.00 6.00 5.00 6.00 2.00 6.00 2.00 4.00 5.00 5.00 8.00 10.00 10.00 7.00 2.00 0.00 2.00 6.00 6.00 4.00 6.00 9.00 3.00 3.00 1.00 5.00 8.00 3.00 8.00 4.00 6.00 10.00 7.00 10.00 1.00 9.00 1.00 1.00 6.00 4.00 3.00 8.00 3.00 6.00 5.00 3.00 8.00 6.00 1.00 3.00 2.00 6.00 2.00 5.00 7.00 10.00 8.00 1.00 9.00 10.00 6.00 10.00 3.00 9.00 0.00 5.00 1.00 3.00 2.00 6.00 7.00 3.00 1.00 0.00 1.00 1.00 0.00
Wyznacz ich histogram, zak³adaj¹c 11 przedzia³ów: <0;1), <1;2), ... <10; 11)
Wynik wyœwietl.
PodpowiedŸ: Wikipedia - histogram.

========================= Teksty, napisy
Dany jest tekst:
	const char* t1 = "Ala Ma Kota a kot Ma AlE";
	
ZAD1: Wyœwietl tekst na ekranie bez u¿ywania funkcji printf/puts. PodpowiedŸ: jaka inna funkcja pozwala wyœwietlaæ znaki na ekranie?

ZAD2: Zak³adaj¹c, ¿e ci¹gi znaków w jezyku C zapisane s¹ w formacjie ASCIIZ, napisz program wyznaczaj¹cy d³ugoœæ tekstu.

ZAD3: Napisz funkcjê licz¹c¹ wielkie litery, ma³e litery oraz spacje w tekœcie t1. Wyniki (trzy wartoœci) powinny byæ zwracane przez funkcjê poprzez wskaŸniki do zmiennych docelowych, przekazywanych w liœcie parametrów wywo³ania funkcji.
	
ZAD4: Dana jest tablica typu char: const char* tekst = "Ala ma kota". Wykorzystuj¹c wskaŸnik na znak (char), wyœwietl pierwsze s³owo tekstu (do spacji, bez spacji).

ZAD5: Wyœwietl tekst od koñca (ElA aM tok a atoK aM alA).

ZAD6: Napisz odpowiedniki funkcji strcpy, strcat oraz strlen. Uzyj modyfikatorów const w liœcie parametrów.

ZAD7: Wyœwietl s³owa t1 w odwrotnej kolejnoœci (Ale Ma kot a Kota Ma Ala).

ZAD8: Napisz funkcjê, tworzy kopiê tekstu t1, zmieniaj¹c znaki ma³e na du¿e a du¿e na ma³e.

ZAD9. Napisz funkcjê, która po³¹czy 3 oddzielne napisy:
char razem[100];
laczenie(razem, "ala", "ma", "kota");
tak, ¿e w zmiennej razem znajdzie siê napis: "ala ma kota";

ZAD10. Napisz funkcjê, która zast¹pi spacje w tekœcie znakiem "_". Tekst Ÿród³owy ma byæ przekazywany do funkcji jako jeden z parametrów.

======================== 