9876 
463	-596	600	949	-975	850	-278	-869	27	537	476	-459	-670	-514	629	761	140	907	-864	-356	-575	-65	198	-276	-828	-67	531	-455	-79	-224	501	864
-627	-822	-385	33	726	368	436	753	110	-241	-55	145	307	-237	-79	952	-419	-959	769	-178	834	-88	543	217	-923	-724	587	-989	-466	-733	407	863
422	-3	-386	400	858	70	174	11	480	-157	-135	609	-608	698	185	508	916	859	857	316	118	-49	-39	670	253	253	-50	253	20	-581	463	-303
114	736	-415	-922	-485	30	120	-231	-708	-551	981	-373	657	-769	-326	714	-16	553	961	43	871	-970	-806	662	469	-513	-375	-597	569	-534	-573	-393
970	942	-608	-531	-758	-904	-685	-511	-776	-145	-949	170	261	440	-632	873	626	899	-554	921	592	964	811	-634	-36	790	-230	-653	-252	181	428	-592
52	-415	-147	-2	56	-103	-594	-548	-491	733	414	322	363	-526	131	-485	-770	157	-79	-851	-337	736	709	-489	-746	-350	997	-65	875	577	-840	822
690	420	865	109	-719	149	749	-701	988	-717	-729	803	-514	-945	-163	-284	-199	694	644	-339	-19	-427	478	637	273	763	923	666	332	77	948	249
75	-669	568	455	62	377	-736	-153	32	392	744	550	-891	904	870	626	555	-958	148	-412	-833	-978	-371	-600	-969	845	-786	-967	-513	873	882	294
-113	-280	475	887	-262	817	-433	-757	-534	-347	513	249	152	-74	790	-658	588	-514	-279	579	-342	-520	-408	-538	46	-268	-898	315	764	-756	980	255
-589	440	-62	-488	977	-965	-408	-175	-321	-224	-602	522	-476	695	-67	-727	-810	438	794	513	186	-435	-406	-691	-387	-176	-975	761	-863	-277	829	254
364	-311	-600	159	39	17	-936	-381	497	217	478	81	-726	647	-620	-221	-377	-281	535	-328	-849	535	386	260	296	-722	626	709	509	410	90	663
461	-919	148	903	-552	-65	829	-958	-503	653	672	756	773	-328	-136	149	-209	545	329	-527	578	-432	586	920	488	373	-796	-745	-67	842	851	195
94	-710	192	-423	490	-144	-621	546	-464	-912	-599	571	-647	930	-540	768	706	788	-299	504	-101	531	-339	156	-774	649	780	-556	-460	-466	229	-476
839	231	766	-575	25	-432	961	-860	-484	427	235	-81	540	-616	-494	303	310	-586	-700	723	-158	-181	655	571	714	439	-388	551	-44	-775	808	-247
-481	72	412	687	-941	735	-739	-104	907	-397	372	624	-682	-620	-55	-760	-100	388	-465	-619	29	-286	639	-792	-931	-817	456	-657	-737	699	-231	-118
-708	-658	194	-448	762	780	-866	-256	-957	-662	-976	277	-951	-869	220	-773	200	99	641	-8	144	971	289	692	287	-725	113	-667	793	-843	-779	584
362	640	-379	-413	-972	-938	592	700	866	-370	611	-162	964	687	-279	-498	-307	-99	-774	931	-21	-284	-943	-162	-527	-406	-707	666	547	869	-425	601
704	745	-255	-762	433	-992	200	-822	853	-743	-414	874	-960	-82	873	-353	393	181	-405	228	-65	-58	49	-7	52	-589	612	-760	373	-645	-819	-771
-122	906	424	-393	687	857	-491	10	681	878	718	-521	803	-723	-100	256	99	-185	-877	613	-885	114	-802	-130	990	-684	-469	-364	-309	-56	-529	-44
-950	642	778	720	157	-472	298	-757	992	203	469	-514	973	-131	-978	997	-155	960	553	-6	-566	699	-669	541	-95	-313	-528	-525	-374	29	903	992
107	976	-290	-613	-532	108	-991	-44	688	-806	-356	667	-147	213	587	-130	220	238	644	-774	815	861	321	357	-430	-629	310	-471	-439	676	-946	-254
-341	29	-415	170	-149	-725	737	418	-575	424	441	-961	682	-705	-837	-106	694	436	230	891	-792	-460	749	437	749	466	344	-627	642	-400	471	-905
935	93	-698	696	288	458	-800	932	-612	-613	-45	-291	-321	989	-319	287	166	-118	956	-21	-613	507	-344	882	95	-239	306	-698	987	245	726	62
-469	757	454	-911	212	296	98	322	-134	-476	214	132	-524	553	304	-461	-769	947	355	-202	-15	-738	-704	995	884	788	192	-266	-499	800	240	-2
247	-881	-668	-586	360	-747	-346	823	109	-50	296	737	604	-178	-778	-252	90	-285	784	892	111	604	-823	-110	-793	-537	160	-770	-330	491	112	-124
914	-721	42	-347	958	854	-619	-239	353	-996	250	-775	-262	2	-917	647	440	-274	-75	886	-167	276	-851	-579	450	-766	-857	112	-94	215	91	301
271	591	-204	333	-36	-907	619	302	-785	-535	44	50	-841	194	-463	-43	-625	-846	90	207	496	-427	945	-893	839	-114	-766	957	492	-830	-835	-730
-547	165	-461	-17	974	-964	1000	-626	985	-948	21	900	-371	200	-891	-782	917	-792	816	303	-995	462	986	625	19	986	-665	518	-34	-389	-360	-113
761	985	-953	436	-375	-669	-308	90	696	-144	-500	-510	-801	-79	598	730	-61	571	-308	863	-506	19	-128	742	-217	45	498	484	714	-923	-886	703
-992	529	-970	-932	214	-362	-258	-622	-265	185	-721	-469	134	-872	839	-77	828	911	924	962	-219	629	517	438	526	-917	529	423	50	487	-362	129
121	447	570	676	-415	990	502	798	-189	6	-875	-81	875	-377	-800	163	688	-111	-300	178	540	-87	359	-747	-137	-780	-814	958	-317	18	238	-403
-584	-242	-577	-909	79	-810	-536	490	-852	-734	834	611	-774	125	-371	-968	678	-910	-655	-828	-394	-17	-114	562	580	-589	442	-410	874	-65	166	27
-166	-154	-719	660	-953	661	-269	633	157	-391	214	-965	-484	-217	353	80	-266	-192	-899	-608	-147	734	-230	260	85	-671	227	-972	-156	-639	462	89
741	-537	-180	164	-245	93	-782	-402	-459	-359	-949	-460	361	-618	533	-660	934	272	143	552	787	-263	-173	-753	447	-193	-231	-591	-879	84	50	-991
769	-27	814	-25	125	-777	-691	-722	797	379	92	663	-12	-666	-721	389	682	-909	943	302	-612	797	464	492	677	-140	-210	504	-890	340	-747	176
332	-271	-387	302	-335	665	-991	-28	205	-685	-457	235	473	-526	-432	-51	587	290	845	-968	807	3	-869	218	864	487	704	-587	-948	-651	-85	-496
-944	-236	-390	122	-216	-298	313	-209	765	787	824	252	-247	-8	-651	-849	-741	-830	-775	99	786	128	300	171	-580	768	145	749	298	-309	-176	-853
-119	815	429	-973	554	-801	-46	-734	315	-838	-254	923	421	444	-277	931	-475	909	870	-489	268	895	491	355	562	-784	494	236	663	-754	701	229
-775	202	-338	102	367	314	539	-93	-719	774	795	-484	1	-171	-431	-45	636	-328	344	693	-694	-761	-261	-867	-728	-63	-126	749	-740	-513	782	-574
114	666	-870	-690	-222	648	-132	754	636	590	-405	-121	981	-16	695	158	-735	-997	-45	-808	-575	658	-398	-242	399	663	-239	271	-894	895	23	-717
-903	657	-391	82	-740	446	272	-749	306	-564	-16	68	460	872	-352	590	-594	377	342	-314	-238	-205	271	-784	-721	998	-233	-202	507	702	397	946
-784	926	-606	767	-150	405	308	-38	101	403	249	-664	35	771	550	56	-963	-871	-603	-36	381	970	-839	-549	439	-675	-113	727	-176	578	314	184
902	-498	-326	-166	474	-835	556	-504	-528	-564	755	-708	-909	-732	-64	-965	-618	815	826	660	-701	-824	773	51	-783	-650	-265	789	77	-283	239	-95
-179	-762	-344	919	-361	-147	-578	-888	-287	327	-56	-856	38	790	-871	267	-106	-986	106	-376	-544	852	-53	-120	821	894	-692	893	-760	-218	-290	-202
-419	84	-6	621	760	257	140	511	-462	277	299	-398	683	246	-174	-873	562	-610	36	210	107	-208	-703	-874	-570	-674	-723	-980	-852	-360	-502	898
-679	-973	493	-148	-972	964	188	883	-76	-323	369	372	30	953	-959	-984	153	-123	-813	53	975	299	-719	896	618	-95	422	121	-506	571	-548	-61
537	-594	-40	333	-894	713	-695	-667	815	227	120	257	-370	995	666	-694	217	475	456	831	-563	-513	-637	76	-481	339	-998	-660	-315	-908	-129	-150
-820	585	543	-847	518	824	533	-334	434	552	-546	601	99	-868	296	-4	-634	182	-409	66	-148	-594	-191	881	-313	-228	-946	628	523	390	207	498
353	-910	-929	567	-339	599	-461	850	-937	841	477	176	-63	-854	-217	72	-573	-74	-695	-165	-945	518	309	55	357	669	-316	329	-6	-204	-187	807
591	852	957	-643	765	-901	-584	612	394	401	-561	-501	-85	-510	375	-753	938	-627	-837	483	848	-764	762	262	43	955	-596	-776	277	-969	512	365
-431	-834	-666	-224	610	266	359	-436	674	-907	36	196	-824	851	101	439	-336	-835	122	256	294	222	-508	-237	252	-906	908	-209	531	544	-808	-762
-424	483	514	332	-530	361	784	-184	954	-784	-501	806	-900	-775	334	-968	-196	953	-93	545	-547	333	355	-796	537	460	557	-843	315	-829	344	-331
75	453	-250	765	559	-992	924	-603	447	-498	-787	-348	-869	112	629	181	847	506	-566	737	333	902	239	-438	620	-629	893	-756	2	-571	-497	745
242	809	854	825	823	356	611	-160	13	517	857	-474	-405	645	-845	549	-695	522	717	-483	143	22	-641	181	-196	134	191	887	858	426	-245	-903
266	-25	-995	-60	251	665	167	747	214	513	137	-636	-669	696	-584	1	539	-572	139	-87	173	434	-367	-342	799	961	147	549	-154	596	-857	-993
-398	563	-339	865	-971	-32	330	658	434	261	974	-990	-105	222	387	-180	-721	451	223	359	-496	-143	-377	-8	333	-19	-595	-291	-764	-742	710	78
-293	-213	444	-168	-976	-729	-226	106	-313	-708	-205	112	750	-499	-887	447	560	621	17	-954	-295	948	-728	-779	370	-932	873	-130	-923	-281	171	167
-667	-495	-37	-185	185	-852	624	-443	424	-763	-458	-476	68	-457	432	774	-172	-983	429	358	-721	-231	971	-721	-708	-137	517	-51	214	759	-276	-628
68	328	719	351	-206	-234	1	-825	-541	118	162	-288	302	416	836	-933	351	750	-25	-348	-802	187	578	-577	-343	-981	-935	-698	-949	-820	-674	-668
-232	366	-450	-888	-361	-408	355	-20	17	438	970	-193	680	380	-841	135	-218	-903	-481	-75	-528	169	-203	-385	-636	412	144	-740	-171	140	145	-788
465	742	-518	-830	606	-374	503	853	874	732	102	-523	-155	-769	830	-641	811	324	-496	85	-186	-414	-365	230	635	921	900	197	-627	-636	-980	-817
-737	-184	818	-110	223	-436	964	-301	-526	405	336	-532	693	373	740	-955	-950	481	-208	-422	-58	142	696	116	-450	872	618	768	746	-880	142	706
475	227	-337	676	-487	-524	681	-471	-898	-150	132	79	-564	82	-799	-6	-882	928	95	399	97	859	794	-486	807	-815	-279	-201	-322	899	204	781
-416	-137	-101	680	-797	190	-770	444	-420	951	723	927	112	-628	-841	400	-999	389	248	559	-478	-24	-146	349	-767	749	-598	613	797	95	421	-754
-343	-959	-126	341	715	-330	-437	-757	-906	677	431	996	-845	-876	19	-321	-414	-131	708	-486	-779	661	161	-794	738	-234	-404	-593	888	-196	-99	-541
79	52	52	981	261	-583	87	581	807	-57	168	-943	617	-727	781	-400	-299	766	-635	-17	-574	768	841	107	844	260	330	-682	-368	-68	526	295
51	-728	265	-599	630	-148	242	-759	-695	16	236	-958	-587	-585	615	-861	-321	94	-401	56	238	293	-616	-910	171	-698	-670	-207	943	646	-675	713
-951	-355	53	-546	493	-120	849	428	199	455	-958	-925	131	38	845	839	707	-479	573	-896	-132	804	-322	46	1000	715	288	208	-822	-567	-758	-515
-358	739	-79	-122	-38	592	432	10	-312	504	-879	924	247	-439	734	-577	677	711	840	346	-363	-710	-900	867	-190	-53	912	-674	33	-571	-439	969
-116	-561	452	-156	533	161	-477	337	-529	100	-500	-804	-435	729	371	80	759	-876	-17	806	-79	273	-30	224	914	-821	0	-447	887	133	-617	-24
369	-717	942	472	-599	925	633	246	393	591	98	125	-995	372	520	394	782	-569	653	-126	-474	848	119	-953	-845	246	-730	490	866	774	-981	832
935	851	982	-972	-665	1	-343	725	-848	595	490	-476	-806	224	500	-638	537	131	-429	289	-583	332	-571	-898	-998	87	-580	-697	114	-66	590	-581
-352	-165	-309	975	-913	389	-558	473	-472	-582	-531	-885	-434	187	-149	862	-654	-473	-663	-340	337	-576	40	-510	618	-427	-487	984	204	897	-788	-708
-196	35	-438	714	709	-232	60	946	-884	590	-507	537	822	-595	368	-292	-127	-479	29	645	-812	49	-990	-38	924	-916	659	-901	977	267	-274	-490
-826	-338	-635	46	-789	725	364	-554	64	374	-246	569	-269	-914	-158	510	-418	-573	-804	271	-593	-981	-657	495	100	836	548	-396	-478	153	-431	318
194	-497	-639	528	417	-144	-298	-46	690	-659	-758	42	-861	-361	702	845	-349	-958	-708	-986	-930	-667	-340	2	928	634	-613	749	-671	-405	431	-811
210	964	870	-953	840	732	-710	460	-575	768	98	338	-311	682	-242	352	-20	-700	814	605	-402	952	172	291	-891	68	594	503	129	-996	-642	-324
-965	57	675	642	-510	-395	580	831	-791	919	-103	347	652	323	-132	-928	-157	28	-979	-368	191	128	-386	-867	634	155	-395	361	-288	-747	-613	363
3	17	434	-51	-148	-311	-127	474	-429	-313	103	211	-157	-507	125	424	140	629	675	-177	310	-41	-140	-591	839	151	-905	-771	292	-493	-774	496
184	-295	727	-452	413	945	129	-983	-292	-319	188	686	555	-225	78	184	-860	560	-993	412	-91	-571	-235	-790	-167	605	-101	-534	-600	551	482	-937
533	-44	-58	-149	-32	-429	945	572	-331	48	-650	625	-118	453	-914	691	-247	-955	260	-768	448	156	-336	987	637	-150	-291	151	825	586	-224	783
939	-556	-123	844	-22	422	-557	-73	-611	306	-594	-115	-470	472	-373	-569	-82	-545	-682	977	685	-182	798	-954	-899	-952	999	-963	-809	533	-910	310
-900	983	954	-727	909	-843	546	-796	515	-454	-952	-282	864	-74	-597	-993	849	-360	150	217	-89	493	413	-330	-432	708	-610	591	-417	-754	947	-77
-844	-587	-60	-19	-449	809	-458	-794	-929	-134	-554	-348	258	-837	587	680	-793	-953	614	-787	469	459	-541	985	-416	-284	-458	788	-422	-699	398	-537
-632	892	814	-288	737	-507	-578	318	-36	-527	798	-807	966	-334	560	-282	-876	-636	627	7	-655	-882	-329	-410	-633	-975	735	583	-426	257	314	-659
74	-266	584	85	682	-371	21	-985	-571	-424	543	-270	29	231	782	822	103	-657	-503	-268	776	-348	621	837	-218	-961	-657	313	-969	-480	830	-555
490	-849	847	461	757	526	-326	-104	-171	-634	-137	-754	-817	246	326	125	-990	-270	800	-304	273	26	-483	-145	-621	-829	402	566	12	-594	-897	68
-304	245	-908	-874	831	20	-120	-947	-59	-625	708	-296	950	858	-877	-705	555	762	641	567	909	-64	462	196	-286	-169	-853	-345	-254	-105	698	-463
-660	-653	408	-200	-981	-115	-41	493	-976	-350	-369	-55	841	-535	574	900	479	-308	304	895	-335	731	953	715	-984	529	343	-634	-266	-464	-387	976
7	-443	880	-520	929	-577	-975	-298	117	372	-626	-145	518	753	-150	-243	172	803	248	-259	182	-758	-18	-752	271	764	-268	857	363	-495	-777	-183
565	-129	-848	308	-451	118	483	817	565	396	-791	-3	397	344	268	-668	704	241	-36	-525	270	-584	-815	-320	-457	-876	-440	-347	610	-294	487	225
-453	485	-58	96	-921	-582	16	-2	-692	-675	-356	983	141	394	-308	625	290	-254	830	681	94	-536	928	-787	-971	444	368	-76	-99	-248	165	669
-216	-90	82	-160	-239	-420	-985	892	933	766	509	546	960	-241	-928	584	330	945	-975	649	318	582	-689	962	-502	-335	614	-614	374	-872	-267	-403
401	-396	-550	88	808	173	332	-130	-138	87	888	236	258	-804	-640	76	-3	738	-138	-878	-730	287	972	382	37	-131	-383	883	30	1000	-58	-292
-52	-848	171	707	-800	-151	-802	297	362	-220	-505	-252	-571	-480	-271	-492	869	343	414	519	-678	804	710	286	203	27	862	-150	-749	-253	479	-251
222	-73	-164	167	421	-807	-707	514	-662	862	-993	-530	82	-120	-287	-185	-221	-996	-926	355	-979	202	-511	-224	253	-454	397	416	914	-911	-522	113
-843	-507	-25	233	-766	-166	-940	157	-350	-743	159	-141	-749	-25	856	743	252	-413	-186	-612	573	863	844	-10	451	959	-656	696	-621	-830	-385	299
-439	396	671	224	-485	-424	-968	41	-901	-340	8	505	635	-274	-318	-526	-434	-609	111	-967	281	-57	400	-804	525	246	-23	534	450	564	356	354
-647	-314	-860	284	246	720	97	-322	-875	-480	430	758	-692	-30	739	508	-103	-81	-509	293	-114	-106	66	1	748	464	353	-991	843	543	-97	613
-435	-242	-856	348	330	-307	-392	473	83	659	291	804	933	96	448	86	-214	-347	663	539	-200	332	998	107	939	922	657	-26	-244	-509	-190	-495
-863	-181	-349	-344	-670	-596	-483	-859	422	842	-686	-698	-323	946	-189	-316	-375	-518	-86	443	897	-496	-282	168	582	-543	-111	-305	904	413	664	-559
906	919	774	960	-33	-968	384	552	454	290	-7	186	-572	697	604	416	-407	-893	851	-869	-711	816	321	358	-833	-569	355	797	788	-909	552	-454
785	2	-294	-941	-519	801	577	-822	354	671	-642	434	335	-845	495	-819	-308	-270	319	254	-8	894	603	-145	-160	-179	339	949	779	-700	-108	-627
-317	-898	228	625	273	970	10	-209	-775	822	683	641	-722	705	241	5	772	-303	757	908	572	26	-456	460	-766	-987	171	154	-134	55	536	28
-148	-854	802	403	721	-590	-317	522	-19	662	-423	958	-704	627	843	661	879	836	-212	523	719	8	408	943	343	-266	-820	-413	-314	560	-256	360
-239	169	-899	-497	287	-79	494	-966	694	-433	-589	-528	-534	-355	-162	182	-894	-292	-904	-805	987	183	656	-738	-215	-145	145	325	-991	120	-728	755
452	-243	-402	-958	-221	-604	-693	-293	375	-158	437	438	-346	944	-864	-230	-12	704	-539	-487	-132	988	-306	-658	-654	-922	-649	-12	314	443	376	-109
948	-706	-748	443	647	-270	-5	868	399	-603	-595	-175	-39	-510	-851	-904	348	570	644	396	227	468	-418	951	881	869	-774	-410	628	-522	692	-63
-983	-707	-678	37	189	605	-416	893	164	-504	221	-876	162	-71	52	15	353	556	91	-805	339	-62	734	800	-109	118	-666	24	641	851	-770	924
183	-265	-443	-497	448	753	820	-244	-712	942	-459	-532	-165	527	-620	997	318	188	-922	-607	538	12	-242	591	275	-274	287	-936	-371	8	709	-711
-849	-207	-244	745	406	102	-805	-215	-223	176	-705	246	-571	-295	708	-834	-642	-485	370	-904	180	788	30	268	461	-702	-744	-752	-510	450	577	-594
-997	920	-31	-674	571	-708	254	348	638	78	601	-417	824	-524	-956	583	291	-694	468	-775	-511	-342	-428	-85	-550	124	-259	-486	611	-871	-710	-62
213	-428	-692	-337	-513	513	-937	599	403	-43	-973	846	441	-372	-988	512	-671	286	-701	612	-94	516	721	-29	902	-891	48	136	561	-435	672	-749
630	-71	836	-416	52	91	-708	-981	341	-732	891	-806	409	-701	-206	-808	-711	11	-891	10	-11	-156	-50	570	595	360	-603	-941	-870	-17	-106	-859
442	194	-481	605	-716	-463	617	-753	726	262	226	505	-532	568	-989	-5	237	-536	-321	-77	-547	-454	6	-121	172	762	-117	754	-30	201	840	-430
-458	855	509	-859	-365	933	911	927	462	-888	26	276	-303	-749	-858	984	70	-340	-933	-41	468	-715	486	-312	187	548	-64	-267	656	131	-167	-335
-672	-430	804	362	-790	569	864	449	-608	-75	-108	-186	439	-751	-211	-572	620	17	-788	-268	-603	972	527	963	-972	763	543	836	435	-238	-484	-269
333	-826	-172	-562	214	-823	304	-775	-1000	824	121	-564	-190	770	-468	597	-932	858	-858	-512	14	-227	399	-121	-971	744	439	146	-589	-752	-588	-436
587	578	420	-89	353	464	-306	231	-94	80	802	-202	688	-52	696	-679	-867	422	-623	-128	-867	-658	187	-719	-989	192	-24	516	63	251	6	565
-290	-332	779	-144	747	101	331	-515	-650	-82	-92	54	-812	933	396	-109	841	812	-609	137	-958	596	-54	783	107	441	276	412	465	559	-360	7
496	761	-642	593	513	506	-170	-914	365	960	-737	276	-364	920	200	612	-512	-574	656	728	-136	-996	484	-341	-298	864	-236	-385	670	-519	782	-681
439	-156	215	-305	553	-386	-978	798	191	-87	-683	-149	-476	787	124	-441	-522	-555	579	-606	812	-776	237	577	-631	606	540	18	257	-916	453	-521
-129	-980	522	345	915	-854	-370	-353	633	134	-629	651	-836	537	-10	-574	-217	-611	-315	-85	362	751	635	191	-531	-723	788	432	-222	11	-943	355
-448	-770	-669	-318	-203	-434	201	-424	-82	932	-234	-224	70	-840	-20	-667	137	772	247	462	338	94	-587	847	-607	397	-997	925	289	-405	-588	-931
-46	681	-833	-164	759	566	-472	350	815	716	595	-5	-207	-224	360	785	-300	209	-440	-90	242	732	-39	-515	-925	-698	-959	236	-912	-523	233	-628
-440	-270	992	-235	-473	-678	-994	806	858	667	-829	817	-170	-452	-83	838	543	-432	284	-430	936	-937	176	-624	-301	586	510	863	485	784	-213	-229
551	754	192	483	-609	268	-866	-267	-750	463	183	794	868	901	463	-755	-617	-247	659	59	-114	-303	24	-286	-764	654	83	483	570	-785	785	-850
927	-513	942	-670	-727	-49	-197	77	254	-890	-948	-967	562	383	-902	-993	273	39	584	-136	-878	-913	-816	715	-217	340	34	129	-580	-276	-266	492
803	-294	698	34	612	-227	431	297	942	-385	941	162	-662	-933	-796	281	-567	53	36	-803	-284	749	-906	-120	-852	-130	746	648	89	-777	599	839
578	-87	-656	-875	764	-884	114	-905	152	89	691	-421	-525	-631	53	-422	-904	802	-468	977	-752	-446	517	966	595	-99	140	-870	335	75	922	108
-869	-25	330	37	-778	846	-94	-379	556	-193	489	289	38	-866	774	-12	340	-768	570	-871	-610	251	862	-769	51	-890	-80	-725	920	-592	947	-451
-662	-613	-965	-22	-320	599	-26	-221	-277	442	-462	980	666	548	513	-512	48	-175	-304	771	-52	-514	-578	949	89	-664	236	748	221	-386	383	496
282	381	-268	922	404	-277	-430	-201	-419	314	-950	-234	-127	212	-5	441	-224	-168	-673	939	-309	-40	154	142	539	-227	-593	278	209	-309	-19	450
721	530	-878	-582	860	-805	-561	-664	688	-24	721	-364	239	-543	-343	999	84	250	-361	382	-484	-911	989	-79	-78	994	251	649	-285	16	-543	-538
-496	-343	-953	555	-937	569	-203	-194	-479	-892	199	-445	-92	-606	-603	980	-653	743	-807	100	-673	394	-280	-128	205	480	-499	484	899	723	1	582
-781	656	-794	883	-765	797	667	700	-87	602	644	318	16	-981	585	188	228	-420	-24	75	598	922	-249	-851	13	988	396	286	-360	54	-822	172
672	-861	-631	-563	-916	32	-456	-933	433	51	543	-305	355	451	-415	629	-448	-72	155	128	-324	-711	-563	-5	98	562	-970	95	868	-555	-123	90
-930	-974	-338	-745	483	-822	554	863	554	-878	-501	-325	687	416	-874	-386	-449	-609	-230	628	-916	-992	857	658	653	57	173	-243	912	-169	-499	-20
149	816	34	160	538	-439	-223	807	-501	359	-639	441	75	823	-817	-287	-434	-447	269	754	-545	-461	616	-311	-1	-149	-639	90	306	665	-761	291
472	-542	818	-162	-427	607	-986	370	116	711	-710	575	318	-177	-499	-793	437	-143	-695	579	-871	636	-531	-899	-302	-723	279	588	670	-889	-46	-650
594	-188	-697	263	310	-308	216	932	-129	-332	40	-759	570	85	-793	73	-105	659	782	299	-807	586	355	-348	-996	-352	927	520	629	920	-406	-802
426	-683	199	762	66	-320	-328	938	398	-410	464	928	-691	322	-176	972	652	262	438	-9	753	854	233	-496	615	464	-782	178	610	-711	-357	-315
-420	457	293	-204	-652	-548	-137	-713	397	-148	-678	127	325	443	-985	477	-83	-195	-435	33	593	-699	-224	-284	-145	344	283	-961	330	-980	395	-688
512	242	972	-316	-493	521	-117	468	-892	-840	-416	50	411	-401	125	801	612	-354	142	817	-424	-589	-727	845	212	-894	205	-179	586	-662	891	-93
-637	246	196	-772	-584	-708	796	126	946	397	-345	-873	-930	-740	219	628	-555	767	-795	-457	-819	-487	-430	-806	-597	68	-938	-259	489	-134	-235	-587
-727	220	279	-567	-573	-470	354	520	-401	-466	-475	-399	-658	-279	509	-710	945	738	218	799	-645	914	-446	-159	97	389	-430	-391	381	559	-421	383
858	-151	-986	744	-489	-741	-20	787	880	-868	976	266	-397	-336	48	-839	528	390	-806	-346	146	163	666	985	56	655	535	-232	-53	588	132	165
208	-482	-750	539	945	-270	-460	741	-857	-216	-89	805	929	307	-249	-382	-387	-71	896	-221	450	274	-954	187	-319	-546	539	-993	-119	-251	-622	-156
-202	-325	-963	456	-946	-756	614	-888	-394	-370	-253	-676	-586	455	199	228	644	-650	-337	-826	573	584	-910	363	-550	288	73	-492	14	886	-303	-898
-218	-653	-46	41	-282	202	-256	11	-852	-287	963	-721	109	-237	-834	65	-794	-780	86	-933	-106	922	-402	556	-199	214	-324	340	-68	-247	-782	-669
51	-403	-338	-448	865	-35	517	-761	737	-169	587	-71	987	799	-860	556	120	-787	450	589	-344	-591	91	421	-578	624	20	-34	-635	-300	-662	-26
685	-289	141	-435	-777	-683	867	492	750	-412	198	-244	395	184	-179	517	382	748	455	591	174	-425	582	921	490	330	-433	-794	-324	881	973	873
-566	-100	973	186	-722	-261	726	909	608	606	332	323	-703	-235	-563	-835	-64	-289	211	326	-565	417	-500	234	156	896	869	334	257	-701	-814	356
196	-883	-748	-613	-104	798	517	434	-628	-461	639	-376	-785	-43	583	673	720	819	-419	394	-898	110	-68	-425	353	706	-460	-167	112	474	-300	-780
726	173	-91	-453	-874	651	121	-483	313	-715	404	-736	-247	-663	936	969	936	-97	361	705	-17	-27	344	655	559	-685	-647	-121	-708	970	660	-199
-75	691	-472	353	-392	592	382	133	-209	-27	-13	-390	27	-619	723	-466	-823	281	999	62	-420	-308	-995	277	97	-989	-886	-710	437	-198	985	782
-142	126	912	-245	296	-637	-752	-132	-869	-344	29	670	557	-92	-735	516	9	-885	-624	-217	510	353	136	-405	-346	-624	-741	-851	-244	800	-9	-892
-864	877	684	197	-174	606	-903	-264	-897	416	-388	566	249	-158	727	974	-932	-64	407	-713	481	-408	499	-372	308	-569	914	287	-638	-160	733	-483
-471	613	-226	-52	460	-876	800	751	1000	-420	-322	-9	789	-780	523	597	977	-373	-556	-872	-107	67	-343	856	67	187	-820	-782	421	-40	-71	252
-478	757	290	-339	-208	870	-749	132	-837	431	-274	753	909	-218	-818	89	-887	756	627	321	-367	470	-483	840	-445	-425	145	690	359	-318	-686	244
-456	-98	-190	-524	-666	80	-46	-558	-168	-962	216	-441	-266	-644	-315	857	-280	97	-143	-208	640	564	-69	-312	-33	33	205	743	545	678	-140	-37
185	646	-934	-103	953	734	239	427	152	-984	860	-33	557	854	-15	326	609	-92	342	-129	-504	-393	-864	-227	-199	-486	638	278	800	482	459	-108
769	-809	598	957	450	511	-531	250	458	65	420	356	-438	-183	663	27	14	89	113	-394	-826	-566	936	-147	115	-930	566	495	752	-563	-219	202
-653	819	547	754	-990	-573	-229	755	59	-262	21	475	66	-87	621	589	752	-668	-580	974	-106	132	406	463	955	-671	941	-440	-111	219	136	219
-632	349	430	-100	747	-651	393	-763	275	699	-188	-687	520	-859	-869	-94	280	-379	-144	-628	136	-182	900	333	299	315	158	173	-667	-375	525	586
-434	-893	-799	-601	607	844	-416	-975	421	166	52	950	348	233	-49	-325	-776	-652	-156	-525	441	-491	-941	520	838	284	-716	5	837	-285	415	352
674	-828	358	-943	534	-114	493	616	-575	-725	227	776	-803	802	954	248	276	305	-14	552	129	621	-187	-779	404	-359	-259	364	806	-289	-352	-249
990	-359	-461	343	604	743	67	-198	-938	-313	-462	-782	157	-688	268	22	478	-489	78	-74	52	-575	-883	-993	265	815	378	291	-497	-20	-895	605
-531	-715	732	-125	179	-297	601	82	579	-642	831	280	-998	-947	-393	155	-129	391	915	659	640	313	384	-499	272	-665	132	151	33	667	-588	-963
196	-906	-712	-144	-377	712	755	830	915	19	839	-915	-995	46	-68	572	-100	307	-6	657	217	-855	821	-586	834	768	-282	-706	-2	634	589	882
-664	-266	-39	612	417	580	-502	-577	218	-339	-403	-290	161	-512	912	336	723	515	-631	907	963	405	203	-419	82	-672	659	-937	-933	-132	416	445
675	-805	625	-244	611	522	-498	-156	114	899	-155	603	681	-963	-471	-744	-458	605	-578	-354	548	725	-389	-439	607	550	252	844	-32	327	122	-342
91	46	-496	971	-90	807	503	645	-342	536	536	-588	351	655	-177	-527	-254	-474	-916	-76	239	-13	775	-387	-933	-420	989	560	872	-731	700	-29
-308	-554	828	-349	74	-177	-125	-457	-231	110	408	882	-415	456	569	254	736	-38	295	-807	-121	20	220	-995	848	215	957	-336	80	-174	-919	-266
-471	-820	-703	284	-945	-542	-413	-881	845	-243	-569	-331	-352	366	-556	-558	-791	-134	101	-251	-381	-881	-221	197	686	-564	976	-825	323	-525	-729	-532
33	79	91	-665	-970	-965	-97	405	-958	208	-302	-799	807	445	-448	-25	324	-434	-322	552	-872	443	544	147	116	596	-790	240	764	-159	107	243
-10	693	-985	754	568	895	701	938	-166	286	-694	139	-312	847	742	-665	-277	886	921	99	825	179	852	-33	-914	-223	-482	653	-214	-344	-533	864
-448	-118	-380	-975	656	-946	126	372	-908	126	-397	-233	-972	-225	-606	742	-540	103	-852	-615	-497	-943	-345	507	-957	-955	-418	881	-550	-595	-754	-903
-645	-570	333	-517	43	319	-578	-602	528	-617	-854	-837	337	856	-678	741	-806	-271	-902	-897	-536	642	293	-121	-393	550	621	-814	-574	262	502	269
-211	882	200	187	601	375	-571	98	-80	-814	325	932	669	-514	672	397	459	553	607	-953	475	669	-757	239	-963	-517	461	-978	-689	-282	-429	621
511	673	-734	699	211	-143	-423	-312	-430	-790	240	967	121	78	988	916	-731	-561	-856	304	424	445	-372	435	-157	883	-719	-645	362	493	-681	681
810	-259	919	564	488	450	-397	993	-629	-430	952	-421	-777	-467	-571	841	-6	-595	375	486	-798	-321	-241	-459	716	403	-526	-35	-543	-722	46	-952
-143	73	709	-64	-97	-18	-76	-822	671	-354	763	64	707	252	211	995	526	-89	-649	683	-472	570	-706	796	982	-124	-399	-927	-705	658	-167	-733
-323	705	-436	-563	862	992	-384	-753	561	-933	365	-138	-815	980	-824	375	-227	-558	-239	-699	-504	-896	249	320	-982	-396	640	-334	823	-62	494	780
-855	233	-794	916	-176	-70	338	660	580	339	-494	-520	-501	906	-754	-243	-301	289	-912	-759	229	-880	-814	-416	710	409	-526	611	-599	69	-626	725
596	-25	336	-645	-956	-728	508	865	115	634	364	-18	941	419	587	185	546	695	-850	343	987	436	38	-974	694	426	-522	-568	183	-46	337	154
209	410	-809	718	-214	192	942	851	717	-526	29	-368	242	-260	364	547	773	579	844	625	628	-553	-65	-728	-844	848	-860	-175	-245	-624	331	-534
-131	142	-570	-716	790	-736	-121	861	-704	714	607	702	820	265	315	17	-996	867	294	-911	984	115	-418	-409	498	-938	649	-513	609	906	-790	-766
-451	189	-346	284	290	-105	-519	832	568	-885	555	-836	-345	-990	-452	33	436	215	-883	717	507	322	978	-171	399	-449	299	-709	-603	190	970	-821
199	72	196	485	-750	-55	-915	-191	-736	-825	496	-496	-949	998	602	139	252	-688	-273	-122	-611	916	-813	-20	817	978	-993	936	231	84	683	815
-903	72	-347	916	237	804	673	81	827	38	801	-577	-164	-569	739	500	131	835	289	-330	831	-278	-777	-610	203	-244	-249	618	945	268	-914	-924
728	562	-448	-55	865	-100	-82	-571	81	-779	133	-183	836	-693	-621	389	-560	-175	471	695	253	129	334	-599	376	393	868	-941	-893	378	-958	-490
-709	555	842	449	337	-752	493	-980	-484	486	35	-476	-601	442	-840	-853	-37	216	-28	-974	-418	672	-290	-67	-869	651	777	873	-604	489	-820	-784
-930	753	898	288	-665	89	326	289	981	-856	-254	111	452	850	692	19	937	68	-254	115	-546	957	-379	-461	-206	252	-213	29	-678	787	-70	-453
386	-181	-870	300	-272	95	-525	-479	-183	510	-31	594	-5	320	875	-947	351	52	648	-426	-234	779	-929	823	-488	-633	163	201	360	635	-499	276
-983	-907	-716	436	-814	-803	-208	674	-363	154	-131	-843	965	393	533	-662	-609	753	21	-173	-412	414	-354	-869	-739	-666	888	-563	826	-717	-613	747
-290	-862	-509	-202	686	892	-102	525	931	121	565	77	529	-633	-91	625	-139	-975	-504	520	-649	723	-713	856	576	-494	-815	-268	234	-197	-938	-855
-898	431	81	291	681	977	189	-202	202	-657	736	-163	489	-613	-998	-242	-825	750	101	45	-556	531	441	463	-520	989	820	618	-625	282	-21	-505
-925	734	818	983	783	-924	99	-842	-262	369	775	289	374	376	-142	316	-813	-901	270	-503	234	-253	867	820	850	207	-122	696	-14	848	890	-903
-904	-654	85	-405	287	-81	-181	975	666	668	6	399	857	291	-345	395	381	-989	-101	-370	-775	88	-895	862	832	-574	779	-148	991	229	-836	-41
-483	806	-751	-82	-910	779	-814	801	-708	-853	502	699	-632	302	-274	-433	-491	244	-454	-756	-825	-310	-515	431	-387	823	976	683	856	166	693	-917
871	346	-437	765	759	975	-422	197	715	209	983	664	-431	275	-647	-37	382	-438	956	-284	-361	-355	-540	-935	-964	332	-456	518	-414	46	848	891
161	-130	478	453	-635	-574	923	384	-746	-863	-653	965	386	951	473	-763	180	-688	893	204	411	-886	535	328	-731	-570	-642	808	741	-598	-36	702
-291	892	695	420	800	-245	-917	250	-61	-828	384	-780	-465	-476	-681	-928	-915	-201	-588	156	973	-126	718	-132	932	-196	-879	799	-399	-253	-29	231
938	-186	628	-469	-956	584	948	-340	-234	-237	187	-141	629	801	-905	-920	-785	929	165	597	-329	-551	-413	-374	653	63	189	464	285	-743	-689	620
275	-581	829	-429	-895	692	349	110	-438	133	233	-986	-995	-190	-421	100	-644	-283	-268	843	-380	825	-181	912	-29	935	155	-566	-730	150	134	760
711	611	-621	854	111	-136	-399	-693	788	-51	-337	-897	11	-616	-714	-306	941	394	-387	35	-194	-309	817	817	606	44	109	472	-900	860	428	-859
339	-603	-387	298	-127	-188	432	-842	-955	514	-710	842	-265	-959	887	-326	939	85	357	182	-656	-813	-577	727	864	-771	242	470	456	607	150	-203
-484	-954	-958	554	-408	194	-729	938	470	253	-207	-869	-654	525	-374	218	250	188	724	49	-890	-395	-196	589	420	-347	888	-218	773	-220	-215	-198
12	249	25	600	716	-300	830	-629	-278	-452	-494	-500	488	-570	367	184	-481	769	211	724	-880	-17	-142	-904	-330	990	-474	245	-829	889	-903	242
-129	-576	-419	-1	-613	82	416	148	-16	-219	997	98	-480	-546	-811	-34	525	826	-170	396	737	-902	50	-853	900	973	-829	-12	337	369	-762	336
50	313	488	-498	-862	171	310	-660	898	-654	826	682	-395	363	829	-709	379	-857	508	-370	-527	-61	135	-590	-832	494	730	93	-219	-504	-558	827
203	-767	870	-924	281	755	-772	634	28	-26	365	72	-830	-96	774	544	181	367	10	409	718	-898	-994	-43	660	178	-773	397	248	436	654	758
110	186	493	337	376	142	-275	-288	-252	-266	383	-494	524	382	883	690	484	316	76	866	-44	856	56	-793	549	954	-902	199	409	-21	-624	-803
-892	715	-471	-628	560	-52	59	-772	817	-262	-11	-177	-118	165	122	-915	-990	-971	783	744	-975	-669	438	-861	680	436	536	918	-278	263	-733	467
216	196	768	-766	-371	-266	911	533	106	-74	-759	-981	-555	977	-51	-220	-708	670	-598	781	-225	638	94	-785	-884	40	441	116	317	290	-722	-848
-620	902	586	-333	863	105	-954	474	-437	-296	-358	847	-583	186	391	-180	894	405	-237	571	-603	-528	465	-706	885	858	-492	680	-211	854	860	-423
644	279	177	723	-947	117	-736	-991	807	-975	-533	-508	-842	618	-553	915	-756	-270	249	912	-18	278	-326	636	536	-865	230	-929	-761	-610	-798	-41
907	-382	-325	21	-515	-879	-359	-763	553	-283	-573	8	-390	-549	347	629	803	981	-710	914	340	-875	102	146	420	297	549	-470	326	368	-637	-328
-850	486	-362	-208	884	-562	692	93	-810	275	-428	213	888	-731	-65	-536	314	40	464	639	936	397	-166	873	32	-351	868	-775	-600	-346	123	657
46	67	-212	912	-748	-625	287	763	964	629	-911	864	95	-454	929	279	-369	588	-719	-589	554	227	29	-210	-902	-285	-211	353	-13	-460	-520	-760
121	222	925	162	-628	255	-98	-164	628	520	-223	841	987	841	92	494	684	568	454	810	197	997	646	58	-118	-957	-788	-41	-279	193	-980	753
141	1000	-909	-308	-345	922	-818	-522	-476	840	267	-912	-939	259	47	-698	-166	-797	349	-562	-890	13	259	-14	-345	-105	90	-76	-570	-97	411	375
-90	415	198	488	101	-860	-605	-878	467	921	846	-547	259	-293	456	199	223	83	-26	-629	497	930	-600	222	-795	-404	-246	400	-505	784	-440	-425
850	-807	-514	-990	-518	41	299	269	257	-934	486	-190	-616	215	-493	461	783	-421	368	42	-468	-861	93	75	-979	747	1000	-613	-542	-149	605	-394
-753	-366	68	700	465	-9	391	-318	-796	-1	22	-874	-407	508	-438	-663	-771	-867	622	123	-864	563	762	-589	450	-661	444	-374	-800	662	-700	535
836	-392	-59	722	-559	567	-125	-733	111	894	916	-165	548	150	833	-693	377	-766	957	-143	117	650	-641	557	-953	-440	524	-890	126	-973	-742	-33
-476	-427	722	608	202	-882	-757	199	324	375	618	-289	385	-140	-461	651	-319	-92	231	-221	-262	553	119	-926	648	964	764	421	944	-247	-553	-183
792	290	-661	484	-419	-435	262	483	-953	27	-606	195	752	-570	369	639	552	121	-648	-519	-335	-240	947	-537	-967	720	-864	738	-424	-143	571	780
-928	610	74	197	-599	875	249	331	978	-19	-291	-109	678	-134	-633	-206	-293	861	-854	491	-778	-998	-910	756	-599	46	6	270	877	-954	-931	-719
432	-13	500	543	168	761	466	356	-399	7	-660	-683	-771	491	-637	-15	-188	516	-307	129	-152	210	-245	-372	-716	263	735	-111	-296	821	216	-49
198	406	-401	343	848	-114	306	-298	-560	616	539	-266	659	-435	864	589	993	323	-87	-519	-624	227	-44	235	-110	380	199	534	-48	-23	840	-364
-700	201	-886	567	753	-921	511	-79	-876	996	-912	350	-280	266	-13	-380	30	71	640	-656	-197	189	709	410	807	-361	-14	-192	549	-74	-129	-523
-878	-196	-841	802	-796	616	706	270	522	535	-143	-964	1	-239	453	-629	685	-164	-560	-515	462	-143	628	394	-669	3	-183	165	79	302	161	-18
259	138	-997	-98	-67	-607	-907	871	154	235	65	-41	234	-281	-840	812	607	198	-613	-983	-256	233	689	-909	683	19	-593	906	401	-109	-508	803
-297	-943	-90	-520	-941	-59	131	-382	-880	461	-975	-410	-568	310	-100	441	-176	-87	-172	227	525	32	747	-812	399	298	935	671	836	974	-616	424
-84	-742	251	160	970	392	412	415	424	-287	442	689	563	-949	-231	-616	165	-508	458	-840	552	261	-443	66	498	-636	730	-857	546	473	-916	-425
-621	-944	-832	-233	600	210	-477	59	-904	504	985	-720	-693	398	610	-18	-386	636	81	-737	-93	24	-549	-685	354	-680	386	83	578	851	603	-52
86	-795	4	942	-77	610	276	375	392	522	277	-126	-758	-935	-430	196	-265	-949	360	-547	-146	156	356	-234	-779	877	-562	-125	359	770	-592	-204
-351	-53	-634	-561	-981	462	731	936	75	-994	113	561	-731	402	-531	-415	58	404	-10	511	-753	-633	759	-108	890	-237	457	946	871	579	906	-819
-690	849	-920	-407	176	717	-84	-820	-719	834	-461	-754	858	-548	-48	496	-503	902	353	-679	713	788	-469	347	186	-436	-607	-549	-359	253	-908	-350
752	902	-421	284	-733	-145	-842	692	245	-954	948	493	-275	-195	-500	-672	127	-199	30	603	-161	18	-565	816	-588	306	-580	788	-716	-292	-292	747
-95	435	814	-456	-120	-612	-548	497	277	-118	332	-162	-399	-744	398	-513	862	140	166	912	395	-473	-453	393	4	-345	-301	673	-453	223	-775	620
803	143	-721	402	414	-686	693	675	-403	100	506	223	223	845	-278	-976	-353	692	-928	-704	995	-589	-551	732	-318	843	-280	-170	422	-36	-716	1
-54	686	876	-427	192	-865	-382	760	628	275	-330	-441	-399	344	-772	154	857	-434	-487	343	583	-747	-105	789	720	689	399	650	665	-220	-821	431
178	290	191	594	-657	-726	965	445	718	-341	441	-461	614	-137	104	904	366	781	-669	629	-215	363	-983	619	183	-824	943	548	-286	-449	689	-926
-690	330	-852	-784	476	466	-679	-369	-512	-249	414	-768	-450	685	-44	377	518	-229	-70	-833	373	-989	989	-905	964	301	459	-796	-147	962	-490	-215
409	-148	459	-587	-135	-908	-833	-387	-5	-177	-367	895	-510	114	-98	-927	-51	-196	-418	-929	-543	961	183	-221	-557	-587	-248	-439	-775	647	-222	-705
193	245	-649	-4	-641	-632	48	622	-347	-126	513	-769	392	398	-138	-684	504	477	637	-422	308	283	-634	926	918	324	31	518	-835	151	302	-84
952	737	-927	984	-997	-839	580	-293	-598	747	-369	275	-689	-203	-794	-939	802	-453	-541	222	584	-404	-181	713	-89	560	812	708	-663	203	-388	920
-908	661	-649	370	915	875	-714	819	891	-799	941	-957	763	-263	-314	-592	173	257	577	735	833	-490	-938	-118	446	811	128	829	437	593	-40	431
969	-935	-798	922	-982	962	321	610	-213	75	758	639	-268	-184	-535	286	507	908	-118	474	492	816	690	-721	167	-254	-298	-511	-899	-2	779	393
304	670	770	-572	-928	-912	642	-160	851	-174	845	-538	-623	-720	600	-328	409	-963	-637	-359	786	-85	-202	950	75	-725	-903	37	483	-229	-240	-835
-980	89	45	988	-775	280	-465	179	426	198	-415	460	664	-755	-705	-38	-971	-765	282	-312	-158	677	-517	168	974	935	980	928	174	-878	996	-581
-315	-612	-513	-309	-10	144	-872	629	-180	-494	134	-373	334	-824	-84	-703	401	65	577	-927	382	-735	-862	-666	-225	957	-928	297	578	-711	554	-816
-213	7	914	-808	600	-707	66	-887	343	686	-637	-329	344	-769	-439	-15	205	-224	447	439	593	-970	-487	-861	-87	-395	206	75	290	-162	-93	-290
-47	-849	-473	719	-837	-731	134	619	159	-983	732	-578	332	-740	610	952	-542	491	677	-860	-591	507	929	509	718	680	-565	-111	-355	-343	-58	432
-459	564	-158	-784	-496	-830	-247	228	120	795	265	845	275	-153	-599	280	759	-180	279	939	-868	921	984	-861	624	-350	457	296	-904	-32	517	-273
-404	-934	-218	762	-70	-602	-942	-906	286	-888	-13	823	645	-605	-552	-242	-833	-389	-456	-969	549	934	-280	529	-35	-412	275	-849	-230	-977	-294	396
-991	833	-245	-877	834	-880	-251	-885	267	308	-507	581	-589	74	710	-923	-753	-595	863	-22	964	814	-153	-137	566	836	579	643	308	741	337	862
-635	585	7	481	336	712	-303	-1	788	436	-941	-646	-673	-923	-223	534	922	679	-114	-727	974	-446	-779	-228	37	-387	-64	188	-403	-637	-149	-997
685	568	112	122	341	727	861	930	72	-83	-320	-790	43	341	-374	-931	-397	69	71	89	-256	-40	-319	924	-902	507	427	171	-500	-31	663	-968
-13	946	710	918	-136	994	-992	856	499	107	-985	-447	-830	-359	-490	971	-969	950	369	-311	-125	31	-273	-584	593	-784	-388	750	-310	439	-400	-897
-143	-636	325	145	-168	789	911	983	759	607	-207	-303	-888	-83	-316	125	167	-432	675	-213	135	-940	-174	797	358	-113	-388	-729	-748	572	-698	-772
-107	958	359	-839	317	-150	105	-253	-300	-984	943	-790	-796	-606	-998	688	-368	-97	-46	-91	480	-154	794	-379	-644	561	894	-455	5	-746	-160	396
903	574	333	-749	13	-502	112	-601	962	794	-248	573	-841	-898	-566	559	-555	91	-646	-111	52	252	759	-203	-202	536	576	-544	-624	-533	628	570
-925	-198	660	-583	381	-946	998	-992	616	478	-844	618	-980	803	894	-419	-107	-884	431	862	-695	-945	780	-26	711	-78	264	-369	-770	592	644	-556
838	-720	328	620	218	323	-223	-727	-58	461	-576	-145	374	722	385	-295	21	697	757	433	-411	709	-209	318	-321	-302	596	985	179	-643	-192	-298
553	3	736	-969	226	-424	-8	945	734	780	-484	-876	448	-211	635	-573	-277	764	-704	-269	-360	-13	-433	-921	-432	878	-978	-170	594	-1000	-236	891
724	215	-328	612	221	-285	-962	727	126	-684	-672	888	886	-417	-609	-911	-279	-540	110	932	401	-392	-323	-966	604	143	491	-860	-31	-36	581	440
-848	-777	-996	521	776	777	-722	-967	-561	174	314	877	407	-274	135	681	883	-885	-4	-964	-574	-454	-967	-762	-702	-332	-225	274	839	-606	-131	-906
514	-629	-568	27	431	-590	301	-560	317	-696	-139	601	-444	58	-942	-993	-577	877	868	-582	188	276	-254	-694	973	309	894	-492	-496	74	-348	-77
-25	-178	628	963	775	-513	32	-508	-788	243	49	-750	990	983	812	-398	449	-789	396	-821	744	169	856	-21	216	872	-160	970	-530	744	-774	349
976	38	867	-532	855	295	699	380	-601	444	945	-287	-325	884	-824	-726	-548	641	636	-909	-871	10	-860	700	-985	-990	-415	-794	84	497	-531	745
-264	261	3	-583	938	229	-364	756	207	-978	-169	585	-926	-372	570	950	186	656	693	724	740	461	-517	-449	823	-240	-582	-854	969	962	90	440
-420	-98	-722	-31	768	913	785	958	-236	-957	733	713	588	-476	850	943	-619	703	381	162	486	879	-871	494	798	154	562	-716	952	357	695	-158
188	-764	-603	678	-749	495	-421	555	887	576	-578	-103	-898	-645	211	-640	-557	-333	481	493	420	786	336	-331	803	556	-623	-242	-456	-558	-834	-165
813	-91	-481	245	380	-588	-288	-546	-902	540	-912	-597	913	-424	649	578	370	845	414	-62	-341	-455	799	-61	-487	-597	376	316	-994	-811	-1000	267
-606	-737	-449	975	-9	-958	221	698	108	-975	532	-973	-691	-586	-972	-19	-749	490	-751	387	-690	575	-954	229	-6	25	-785	533	916	-771	-290	811
-50	886	179	-569	-405	-919	393	531	-248	462	-836	383	-909	-407	-745	-400	-711	-223	757	-587	-429	848	853	-373	-845	-504	-729	748	-920	-595	505	445
-44	249	811	-5	51	226	307	-11	-558	378	656	644	-980	-535	-161	278	-629	-193	522	-28	131	-132	688	840	286	-209	583	881	778	388	703	828
661	-549	291	-912	-574	-427	638	435	-595	964	868	-178	9	58	825	-893	974	600	69	260	561	-5	-27	-990	-985	381	-859	868	304	355	997	-220
270	-37	492	-80	952	-543	619	107	88	99	-763	1	317	-99	202	-35	-178	710	432	55	-744	102	361	138	-590	-680	572	-662	120	-744	-447	100
498	477	-505	551	474	275	-952	-185	65	-889	-416	-105	482	-770	-46	507	374	-167	-488	-580	-784	-269	-262	300	-704	-826	-399	993	-344	-388	11	459
-515	504	317	308	-474	-805	-624	457	147	-368	-370	963	207	-222	473	-19	802	-844	-296	-863	-188	-823	-75	-337	579	347	-532	-283	76	707	-836	-656
-591	785	883	-98	746	-187	503	685	611	347	-244	978	-831	-169	-282	-893	280	699	716	-157	-117	-368	-660	991	-165	-127	-84	512	-835	-183	-704	899
-525	-516	688	815	269	278	228	457	-864	-318	-363	-60	597	-400	-20	-40	278	-426	339	835	-291	140	687	862	-329	8	-237	553	311	-685	-139	-766
-678	138	-855	-237	-50	45	-350	-150	-774	784	872	367	-872	273	681	-117	-217	-108	434	-346	-307	68	71	317	-913	987	-675	710	493	658	583	-169
27	672	-646	-201	216	-791	693	539	-79	716	235	224	-858	-770	4	-459	752	-85	582	948	-709	467	-51	443	-651	694	902	-587	874	-94	985	-162
386	-312	202	-582	-595	-457	832	265	-97	81	27	997	-148	-289	-927	332	555	-98	-932	-393	794	-428	560	72	23	-425	-91	192	549	521	-387	-825
801	287	21	974	14	-126	191	-919	171	597	-594	-612	-464	958	-309	974	981	-230	663	253	65	-787	152	-757	713	502	-763	-762	140	145	-133	-883
-75	818	489	-276	655	-215	-13	601	-482	-124	-384	199	652	254	-145	-111	708	-468	125	-841	-972	-391	536	-54	-529	-805	-343	43	606	-663	-158	-778
-659	-88	-996	996	271	960	-349	-23	-50	-278	-292	387	908	-949	-512	-288	658	-738	-319	-896	684	-720	520	-584	251	975	358	403	424	-866	801	266
-385	-559	651	-834	-229	-23	-313	466	445	-301	433	-990	-20	-85	-634	498	-1	-278	533	541	541	-331	21	-240	-677	895	882	-263	-447	685	-617	-700
609	442	318	409	697	826	-207	447	259	-901	602	175	299	-39	-492	130	642	612	-62	-196	-267	-319	375	-518	358	941	-877	-415	39	599	121	-261
838	-514	-236	-458	-780	-82	439	-824	-846	901	421	326	-665	844	882	-958	52	-760	970	-335	-985	586	624	-580	-586	501	588	-754	531	200	-132	-773
-88	-156	-247	280	-705	201	-170	-964	-24	764	265	-578	210	580	179	-801	684	-735	-166	266	665	247	-852	157	343	-122	845	-390	-94	-395	414	859
899	972	-398	-862	-951	-971	-923	-166	-531	-539	-182	982	288	-17	781	697	186	-465	-598	-886	-299	-462	23	530	-102	-147	932	858	478	633	704	-693
-790	-131	-435	923	-853	778	-802	3	-960	752	-620	482	850	-985	-836	-136	303	-554	-594	-212	583	-715	-105	-625	61	-237	-175	-730	191	-787	-628	50
-969	-617	929	-831	-504	317	624	-542	-465	-257	-216	959	-368	940	832	-244	-846	-10	858	193	857	239	682	801	109	800	-377	-234	249	-225	968	830
90	-632	509	-289	607	-542	-289	544	369	-900	44	292	-861	-385	16	626	-821	554	441	-404	628	-594	-365	-587	133	622	617	-526	159	-771	130	-525
373	-742	-937	-435	509	585	410	-549	-590	481	556	961	298	29	-110	-979	79	293	308	877	-827	917	-794	-915	547	-296	-233	-283	-987	-609	-524	851
-606	368	-307	700	908	550	102	-857	906	-610	148	-644	852	-400	349	-935	336	-264	-840	719	-535	54	537	185	-113	82	975	-205	-497	901	570	-358
-471	-395	-832	-395	-256	-288	217	305	-814	-137	-477	-987	-940	946	686	-764	353	37	-424	807	133	516	731	951	63	-724	113	-363	-82	688	-513	290
334	-401	45	414	-37	439	-995	282	58	563	968	-111	79	772	-238	682	699	-987	595	-797	29	-534	862	536	662	-266	100	-948	306	-321	-820	-667
341	-296	713	-823	-730	-419	-326	-161	-951	-133	567	-377	659	-674	135	-477	-896	897	425	-570	-694	-995	-275	802	-488	-153	-553	-899	384	-1	-746	698
951	164	-490	-504	-621	-484	839	-652	-305	880	878	-672	-687	213	7	-138	186	-702	726	-313	-77	-408	-914	-412	-740	-454	838	-725	-122	-674	-549	-183
201	657	984	360	-986	697	913	-864	984	-292	459	840	-963	322	-719	669	182	-147	-721	-561	675	47	-492	133	95	-589	16	-484	938	-826	-17	-929
117	-238	-899	-914	85	-689	581	-731	-844	-653	-582	502	-132	545	435	573	452	-162	-730	-154	